-3.015446609065127959e+00 -8.441088354078426503e-01 1.700272785562699562e+00 -3.045281321277498066e+00 3.121695002830129351e+00 -2.205219232091761405e+00 2.753136292472130098e+00 2.828687764564416174e+00 1.642579542558626926e+00 1.008455358498641097e+00 2.162780900786593019e+00 1.989657906272410237e+00 2.170618887898267069e+00 -1.977682928714791455e+00 2.525631642812070865e+00 2.290280156426858671e+00
-1.570268917107370932e+00 5.542840532931923025e-01 2.222951239128967416e+00 1.108868945997951050e+00 2.656389730355375622e+00 -2.652318878932981239e+00 -1.688719936240285158e+00 -2.760733821029884627e+00 2.267919551760659846e+00 2.992208743361815415e+00 -2.920079182879020685e+00 2.391137168986033679e+00 3.064507855887361298e+00 -2.855223428165631017e+00 2.808452369877787014e+00 -2.770342601797207038e+00
-2.582482299315907781e+00 2.319991807043952470e+00 2.691340208036951509e+00 2.498347240707193606e+00 2.869934846057379918e+00 -2.477719038938230867e+00 3.040688528088433706e+00 3.035604405244919146e+00 1.330841309868713074e+00 4.310405935505600139e-01 1.638908482223663921e+00 1.496362750764825389e+00 1.545081930565995743e+00 2.637144424947450716e+00 -2.824162205048244889e+00 -2.437623330805098743e+00
-2.784057183441853489e+00 -7.168343792059002073e-01 -6.227955186063597326e-01 -1.724361652068006512e+00 -2.085114453972975568e+00 -3.097128575871326728e+00 2.640713698901520523e+00 2.690885318251255320e+00 1.288039418804599157e+00 -5.011741449000233217e-01 1.499587785251773830e+00 1.500047057889148938e+00 7.262641872605167803e-01 2.653721608481211192e+00 -1.993365843732998854e+00 1.992209518676749669e+00
2.303707063075022710e+00 -1.873941626971102004e+00 -9.501826301007691988e-01 -2.787127438061421714e+00 2.658905184536703992e+00 2.427332142973488427e+00 2.448378339257005987e+00 -3.110830508633048552e+00 2.746997355524942730e+00 -1.177242891601282704e+00 2.923441574050074987e+00 2.132002260294404206e+00 -2.830300546923115057e+00 2.310936345729225572e+00 7.877249683352512966e-01 1.606721149381429736e+00
-5.137600735484338932e-01 -1.544804218319583367e+00 -1.111921378073382760e+00 2.396316703941965720e+00 1.470823123580565328e+00 -2.749429087536879646e+00 2.834913750655740916e+00 2.843153638291775476e+00 -2.357914939837316037e+00 -3.109641344027658239e+00 2.537866905979906829e+00 1.868755243667638011e+00 -2.407167160527686978e+00 1.447328471446668541e+00 1.404279337032302566e+00 -2.229913233091334324e-01
-1.501253887131872133e+00 -1.839313766829010710e+00 -2.848749606109545418e+00 -2.925140614121208404e+00 2.896885345849523397e+00 2.123847299202501482e+00 1.577710350007354601e+00 -3.119843108093333761e+00 2.263780608989142795e+00 2.549423290310030676e+00 2.667504056536481372e+00 2.872442502626459504e+00 1.555931775999565225e+00 2.801737845514059799e+00 -2.687848999932619165e+00 -1.807370193734816777e+00
-1.198705677405126790e+00 -3.003841171945247801e+00 1.526598773990070379e+00 2.912559748460912257e+00 2.093994150582818570e+00 2.565885654066493160e+00 3.516901413128429299e-01 3.206668981642269434e-01 1.536183551705317285e+00 1.442784215687996863e+00 2.997880673904659066e+00 -2.509598829738678205e+00 1.138015593241728407e+00 8.673156750181544306e-01 -9.898252219936261032e-01 -1.112982175843260313e+00
1.509948138729147349e+00 2.886907096288035213e+00 -2.177959116720771249e+00 -1.131494832605396406e+00 -2.956484991294953790e+00 -9.953386267518629094e-01 -5.538818152505781134e-02 8.424343420774039748e-01 7.905330604164821917e-01 1.008855341928103444e+00 -2.832393157510315174e+00 -1.754554861574828539e+00 -5.706616899739906934e-01 5.073404068588730498e-01 1.705528313899697390e-01 -8.669029771641342252e-01
2.281809760645594043e+00 -2.610781244611611207e+00 1.372934496830585660e+00 -1.869223738654840261e+00 2.980296511650899483e+00 -2.613839021524015482e+00 -2.181975868115917372e+00 7.035009530675985223e-01 -5.197038612569588878e-01 -2.526981843505760050e-01 4.034140970978020713e-01 -1.325448171181417445e+00 -7.502914306814609802e-01 1.026496297908033040e-01 7.263874174116031757e-01 -1.363478641391164370e+00
2.392086692485603905e+00 -7.161701502595685387e-01 2.036068748661877592e+00 4.442724397431931094e-02 -1.445826532813540677e+00 2.388750416559415779e+00 -2.565032486842964587e+00 -3.997476382463960309e-02 -1.055385499140691241e+00 -1.396370470045945611e+00 -1.422740341117946228e+00 -1.058104110402736664e+00 1.250372517351390655e+00 5.720936891132141211e-01 -7.026507544170774999e-02 2.767202357978505667e+00
-1.079151117888262013e+00 -1.546085151124135526e-01 -3.726363247825525971e-02 7.051839203461017780e-01 -6.205374784234266583e-01 -2.918148606516986820e+00 2.817400239057221700e+00 -1.726869716998602033e+00 -2.776064508566352007e+00 -3.062686327080543780e+00 -2.850537551071605336e+00 -1.946161668600171757e-01 1.585849316228024608e-01 6.248962428087542209e-01 1.165857147634377755e+00 3.038411756010487963e+00
2.683719212197454240e+00 2.282910538868009542e+00 2.121326721616221711e+00 4.459306804331409912e-01 1.914393961669198063e+00 -1.536402639772922907e+00 1.764441864548425484e-02 2.690955437422865693e+00 -3.106053281991330017e+00 -1.791226043872556906e+00 -1.789759710682704341e+00 -1.257825802074034938e+00 5.294387691210902247e-01 -1.000817635948350326e-01 7.699865954172265825e-01 3.035293766186326625e+00
2.531108442315200158e+00 1.667963112802192338e+00 1.841687778822929777e+00 7.516843228251745002e-01 1.194160182454538699e+00 -5.873350766264245904e-01 4.211642622781653911e-01 3.379093293973256529e-01 2.858849706135377478e+00 2.741017575889917790e+00 2.044741820813877897e+00 2.218742827131970685e+00 5.878587190209949576e-01 9.781008221266765945e-01 1.083812699564699278e+00 2.229208594155974055e+00
-1.757331543598244172e+00 -6.585057923196202534e-02 -6.273856916942278650e-01 -2.260482731364253706e+00 -2.666639824943156434e+00 2.174103349067561197e+00 -2.232354728361773066e+00 4.045200719143923762e-01 1.308514185529209062e+00 1.360071463089134625e+00 2.999560386021829839e+00 1.314294548974463073e+00 1.355917783459736903e+00 1.721497324454046574e+00 1.443590244197417771e+00 -1.363574763882151375e+00
2.438894532017837236e+00 -4.393283426379883672e-01 -2.985000123996498278e+00 -3.098351358248455423e+00 2.677093569141570928e+00 3.139379552448949617e+00 -1.745550917345855435e+00 -5.204489842845951009e-02 1.033155929439779630e+00 -1.698299339131077446e-01 -2.755644510281377801e+00 1.728397841457080641e+00 2.135638076482411218e+00 2.674754434635635114e+00 2.493458927533976688e+00 2.668323270577480422e+00
