1.000000000000000056e-01 -1.949608261750800819e+00 2.106001142321289443e-03 9.752162346884729605e-01 2.253683703679065786e-04
1.489795918367347038e-01 -1.923527371030752775e+00 2.039944057206063369e-03 9.622015255222717833e-01 3.581277095311677285e-04
1.979591836734693744e-01 -1.898650506850998232e+00 2.133172247007230227e-03 9.495260707370609676e-01 4.719011762866161578e-04
2.469387755102040727e-01 -1.872181454969129799e+00 2.134754316364471070e-03 9.363672384093115753e-01 5.621798949662174536e-04
2.959183673469387710e-01 -1.845534109843515402e+00 2.202715894147167387e-03 9.237053508259872592e-01 6.479613964771131426e-04
3.448979591836734970e-01 -1.818889285054799521e+00 2.109611921217681083e-03 9.104285547840675896e-01 7.517302155968504183e-04
3.938775510204081121e-01 -1.790538347398332508e+00 2.338686098718784426e-03 8.968369612732358664e-01 8.275808158379843694e-04
4.428571428571428381e-01 -1.764895217662953764e+00 2.319216778715416614e-03 8.829182219465235848e-01 1.002560212498058642e-03
4.918367346938775642e-01 -1.734481679106455232e+00 2.305351939734077635e-03 8.696989968014868788e-01 1.082452285075094847e-03
5.408163265306121792e-01 -1.704577960267969594e+00 2.371391642455888873e-03 8.528423725308286185e-01 1.216744034442997138e-03
5.897959183673469052e-01 -1.675273131131382653e+00 2.519394349563744591e-03 8.386114131675709293e-01 1.354977248205276909e-03
6.387755102040816313e-01 -1.643034658235950740e+00 2.608293738332284877e-03 8.225083839258735541e-01 1.563800336229393458e-03
6.877551020408162463e-01 -1.611009157596456687e+00 2.814526482288443911e-03 8.050861422883818230e-01 1.803667188624991178e-03
7.367346938775509724e-01 -1.576899016219544647e+00 2.982826616774246747e-03 7.874268813662335109e-01 2.020752761719576962e-03
7.857142857142856984e-01 -1.538925512820153774e+00 3.241084261198391454e-03 7.668400865743405515e-01 2.286664282985860757e-03
8.346938775510203135e-01 -1.497361092980078245e+00 3.498730311941688868e-03 7.433533609299340927e-01 2.814794588717295203e-03
8.836734693877550395e-01 -1.454565655584094896e+00 3.815219971982258904e-03 7.202840253849066565e-01 3.414638515412235249e-03
9.326530612244897656e-01 -1.403713365107587041e+00 4.244361178180834117e-03 6.871919374641969336e-01 4.850053469994920589e-03
9.816326530612243806e-01 -1.352288381970547793e+00 4.760427488672472514e-03 6.482282410038888720e-01 6.756420547768804234e-03
1.030612244897959107e+00 -1.289327134010670228e+00 5.472179063663202940e-03 5.941932720800013890e-01 1.097907797260768391e-02
1.079591836734693944e+00 -1.221602415978934708e+00 5.843567568582419894e-03 5.250250190296327224e-01 1.540434837447322153e-02
1.128571428571428559e+00 -1.147376895743494218e+00 5.933241106902297467e-03 4.454683384963078474e-01 1.849055693813488749e-02
1.177551020408163396e+00 -1.080106798099769838e+00 5.227335241473700898e-03 3.790249868651140996e-01 1.719421652509110776e-02
1.226530612244898011e+00 -1.016568156884614549e+00 4.734931533865676008e-03 3.174520015292195962e-01 1.492833780966145753e-02
1.275510204081632626e+00 -9.629036306093796682e-01 4.127347421351026946e-03 2.707431414520338753e-01 1.170789678691390792e-02
1.324489795918367463e+00 -9.155170725540358045e-01 3.496173115412361514e-03 2.412444852568794429e-01 9.819403704363509344e-03
1.373469387755102078e+00 -8.716031488153461737e-01 3.339518334653159004e-03 2.166590342895472476e-01 7.867302081216095977e-03
1.422448979591836693e+00 -8.314550180115082290e-01 2.983587786952371975e-03 1.956879125055432378e-01 6.603202942128579868e-03
1.471428571428571530e+00 -7.942738221856224801e-01 2.712719087694187570e-03 1.799741964459804777e-01 5.537266953557862768e-03
1.520408163265306145e+00 -7.643443646193157637e-01 2.474564712163081822e-03 1.692147822293040837e-01 4.810451429812762948e-03
1.569387755102040760e+00 -7.339261051632063326e-01 2.316814108796692948e-03 1.585909962807959261e-01 4.117694702472357929e-03
1.618367346938775597e+00 -7.058378962034115300e-01 2.126227229726694330e-03 1.498466617052391370e-01 3.621662651420985181e-03
1.667346938775510212e+00 -6.807409696992374748e-01 1.975572019306356519e-03 1.444863511960254587e-01 3.247136935949625387e-03
1.716326530612244827e+00 -6.566391484110026822e-01 1.847602971294494975e-03 1.355806683134038737e-01 2.824854936977469911e-03
1.765306122448979664e+00 -6.349421253404169407e-01 1.663807359151204439e-03 1.302089241426189481e-01 2.560821750445984018e-03
1.814285714285714279e+00 -6.144422419488633214e-01 1.639596252414859089e-03 1.258270450916957328e-01 2.333320459977839510e-03
1.863265306122448894e+00 -5.954357137253352139e-01 1.500892747521874243e-03 1.228193393028097768e-01 2.176494455534009990e-03
1.912244897959183731e+00 -5.759238706351450521e-01 1.378082708855009287e-03 1.194201775554540046e-01 1.980194040315123426e-03
1.961224489795918347e+00 -5.601793695927625993e-01 1.295466470173060316e-03 1.145305409601371643e-01 1.758582067234672544e-03
2.010204081632652962e+00 -5.453170124637214400e-01 1.223924034623818284e-03 1.123689424932094449e-01 1.706352253607119852e-03
2.059183673469387799e+00 -5.291585865034749148e-01 1.163547831959126392e-03 1.093586672816599242e-01 1.565691610832961600e-03
2.108163265306122636e+00 -5.135631960754948322e-01 1.094986860145307243e-03 1.064166637175977953e-01 1.449925568235051589e-03
2.157142857142857029e+00 -5.013184025003867283e-01 1.023288632784398466e-03 1.051699369194335348e-01 1.353311694769374898e-03
2.206122448979591866e+00 -4.878651296987792096e-01 1.007050290232708095e-03 1.029884633563774299e-01 1.276772897299801104e-03
2.255102040816326703e+00 -4.763150256648315817e-01 9.276465094859787574e-04 1.011988585646196315e-01 1.199771338900455309e-03
2.304081632653061096e+00 -4.660188929446941741e-01 9.200953215168899404e-04 1.000244602361692742e-01 1.147537813940571099e-03
2.353061224489795933e+00 -4.528197997659069163e-01 8.536223814794306796e-04 9.755022693416229296e-02 1.116542338498330593e-03
2.402040816326530770e+00 -4.421179515128540460e-01 8.070393009590066946e-04 9.651528730849728843e-02 1.052551262862007429e-03
2.451020408163265163e+00 -4.335849452546115534e-01 7.857607281880079784e-04 9.497121091726508368e-02 9.929765603873229318e-04
2.500000000000000000e+00 -4.226119274300169093e-01 7.457109966771735326e-04 9.284664903700654004e-02 9.269538999790113455e-04
